-0.0000000000
0.0000546534
0.0002187572
0.0004927420
0.0008773234
0.0013735000
0.0019825494
0.0027060235
0.0035457433
0.0045037920
0.0055825075
0.0067844741
0.0081125127
0.0095696707
0.0111592107
0.0128845987
0.0147494907
0.0167577197
0.0189132808
0.0212203165
0.0236831007
0.0263060223
0.0290935685
0.0320503071
0.0351808686
0.0384899278
0.0419821849
0.0456623466
0.0495351063
0.0536051248
0.0578770101
0.0623552979
0.0670444308
0.0719487390
0.0770724198
0.0824195175
0.0879939041
0.0937992593
0.0998390510
0.1061165165
0.1126346437
0.1193961526
0.1264034779
0.1336587509
0.1411637834
0.1489200512
0.1569286785
0.1651904231
0.1737056626
0.1824743806
0.1914961543
0.2007701433
0.2102950782
0.2200692513
0.2300905076
0.2403562367
0.2508633661
0.2616083557
0.2725871925
0.2837953873
0.2952279723
0.3068794991
0.3187440387
0.3308151827
0.3430860445
0.3555492630
0.3681970065
0.3810209784
0.3940124236
0.4071621359
0.4204604674
0.4338973378
0.4474622457
0.4611442807
0.4749321363
0.4888141242
0.5027781895
0.5168119266
0.5309025967
0.5450371452
0.5592022210
0.5733841959
0.5875691855
0.6017430699
0.6158915160
0.6300000000
0.6440538306
0.6580381728
0.6719380725
0.6857384806
0.6994242790
0.7129803054
0.7263913798
0.7396423301
0.7527180186
0.7656033683
0.7782833896
0.7907432066
0.8029680836
0.8149434515
0.8266549339
0.8380883734
0.8492298567
0.8600657407
0.8705826770
0.8807676363
0.8906079332
0.9000912488
0.9092056542
0.9179396324
0.9262820999
0.9342224278
0.9417504610
0.9488565380
0.9555315091
0.9617667532
0.9675541945
0.9728863178
0.9777561828
0.9821574370
0.9860843282
0.9895317153
0.9924950781
0.9949705259
0.9969548051
0.9984453051
0.9994400639
0.9999377712
0.9999377712
0.9994400639
0.9984453051
0.9969548051
0.9949705259
0.9924950781
0.9895317153
0.9860843282
0.9821574370
0.9777561828
0.9728863178
0.9675541945
0.9617667532
0.9555315091
0.9488565380
0.9417504610
0.9342224278
0.9262820999
0.9179396324
0.9092056542
0.9000912488
0.8906079332
0.8807676363
0.8705826770
0.8600657407
0.8492298567
0.8380883734
0.8266549339
0.8149434515
0.8029680836
0.7907432066
0.7782833896
0.7656033683
0.7527180186
0.7396423301
0.7263913798
0.7129803054
0.6994242790
0.6857384806
0.6719380725
0.6580381728
0.6440538306
0.6300000000
0.6158915160
0.6017430699
0.5875691855
0.5733841959
0.5592022210
0.5450371452
0.5309025967
0.5168119266
0.5027781895
0.4888141242
0.4749321363
0.4611442807
0.4474622457
0.4338973378
0.4204604674
0.4071621359
0.3940124236
0.3810209784
0.3681970065
0.3555492630
0.3430860445
0.3308151827
0.3187440387
0.3068794991
0.2952279723
0.2837953873
0.2725871925
0.2616083557
0.2508633661
0.2403562367
0.2300905076
0.2200692513
0.2102950782
0.2007701433
0.1914961543
0.1824743806
0.1737056626
0.1651904231
0.1569286785
0.1489200512
0.1411637834
0.1336587509
0.1264034779
0.1193961526
0.1126346437
0.1061165165
0.0998390510
0.0937992593
0.0879939041
0.0824195175
0.0770724198
0.0719487390
0.0670444308
0.0623552979
0.0578770101
0.0536051248
0.0495351063
0.0456623466
0.0419821849
0.0384899278
0.0351808686
0.0320503071
0.0290935685
0.0263060223
0.0236831007
0.0212203165
0.0189132808
0.0167577197
0.0147494907
0.0128845987
0.0111592107
0.0095696707
0.0081125127
0.0067844741
0.0055825075
0.0045037920
0.0035457433
0.0027060235
0.0019825494
0.0013735000
0.0008773234
0.0004927420
0.0002187572
0.0000546534
-0.0000000000
