-0.0004210510
-0.0004366595
-0.0004836638
-0.0005625986
-0.0006743497
-0.0008201450
-0.0010015431
-0.0012204180
-0.0014789404
-0.0017795562
-0.0021249609
-0.0025180714
-0.0029619945
-0.0034599920
-0.0040154428
-0.0046318022
-0.0053125583
-0.0060611851
-0.0068810937
-0.0077755807
-0.0087477740
-0.0098005770
-0.0109366110
-0.0121581548
-0.0134670849
-0.0148648128
-0.0163522230
-0.0179296093
-0.0195966128
-0.0213521583
-0.0231943936
-0.0251206284
-0.0271272761
-0.0292097974
-0.0313626464
-0.0335792209
-0.0358518151
-0.0381715783
-0.0405284768
-0.0429112622
-0.0453074457
-0.0477032778
-0.0500837361
-0.0524325197
-0.0547320514
-0.0569634887
-0.0591067429
-0.0611405072
-0.0630422938
-0.0647884814
-0.0663543709
-0.0677142521
-0.0688414795
-0.0697085581
-0.0702872393
-0.0705486256
-0.0704632853
-0.0700013764
-0.0691327787
-0.0678272342
-0.0660544960
-0.0637844833
-0.0609874436
-0.0576341206
-0.0536959265
-0.0491451189
-0.0439549806
-0.0381000017
-0.0315560625
-0.0243006166
-0.0163128730
-0.0075739754
0.0019328211
0.0122219789
0.0233055120
0.0351928272
0.0478905739
0.0614025032
0.0757293374
0.0908686513
0.1068147664
0.1235586584
0.1410878804
0.1593865006
0.1784350572
0.1982105300
0.2186863301
0.2398323078
0.2616147790
0.2839965711
0.3069370875
0.3303923923
0.3543153136
0.3786555659
0.4033598919
0.4283722224
0.4536338538
0.4790836435
0.5046582211
0.5302922159
0.5559184980
0.5814684336
0.6068721526
0.6320588262
0.6569569553
0.6814946659
0.7056000113
0.7292012798
0.7522273045
0.7746077757
0.7962735524
0.8171569725
0.8371921584
0.8563153184
0.8744650399
0.8915825742
0.9076121109
0.9225010401
0.9362002007
0.9486641140
0.9598512005
0.9697239792
0.9782492474
0.9853982412
0.9911467740
0.9954753542
0.9983692796
0.9998187086
0.9998187086
0.9983692796
0.9954753542
0.9911467740
0.9853982412
0.9782492474
0.9697239792
0.9598512005
0.9486641140
0.9362002007
0.9225010401
0.9076121109
0.8915825742
0.8744650399
0.8563153184
0.8371921584
0.8171569725
0.7962735524
0.7746077757
0.7522273045
0.7292012798
0.7056000113
0.6814946659
0.6569569553
0.6320588262
0.6068721526
0.5814684336
0.5559184980
0.5302922159
0.5046582211
0.4790836435
0.4536338538
0.4283722224
0.4033598919
0.3786555659
0.3543153136
0.3303923923
0.3069370875
0.2839965711
0.2616147790
0.2398323078
0.2186863301
0.1982105300
0.1784350572
0.1593865006
0.1410878804
0.1235586584
0.1068147664
0.0908686513
0.0757293374
0.0614025032
0.0478905739
0.0351928272
0.0233055120
0.0122219789
0.0019328211
-0.0075739754
-0.0163128730
-0.0243006166
-0.0315560625
-0.0381000017
-0.0439549806
-0.0491451189
-0.0536959265
-0.0576341206
-0.0609874436
-0.0637844833
-0.0660544960
-0.0678272342
-0.0691327787
-0.0700013764
-0.0704632853
-0.0705486256
-0.0702872393
-0.0697085581
-0.0688414795
-0.0677142521
-0.0663543709
-0.0647884814
-0.0630422938
-0.0611405072
-0.0591067429
-0.0569634887
-0.0547320514
-0.0524325197
-0.0500837361
-0.0477032778
-0.0453074457
-0.0429112622
-0.0405284768
-0.0381715783
-0.0358518151
-0.0335792209
-0.0313626464
-0.0292097974
-0.0271272761
-0.0251206284
-0.0231943936
-0.0213521583
-0.0195966128
-0.0179296093
-0.0163522230
-0.0148648128
-0.0134670849
-0.0121581548
-0.0109366110
-0.0098005770
-0.0087477740
-0.0077755807
-0.0068810937
-0.0060611851
-0.0053125583
-0.0046318022
-0.0040154428
-0.0034599920
-0.0029619945
-0.0025180714
-0.0021249609
-0.0017795562
-0.0014789404
-0.0012204180
-0.0010015431
-0.0008201450
-0.0006743497
-0.0005625986
-0.0004836638
-0.0004366595
-0.0004210510
