0.0800000000
0.0801396321
0.0805584436
0.0812561802
0.0822324185
0.0834865656
0.0850178601
0.0868253726
0.0889080056
0.0912644947
0.0938934094
0.0967931537
0.0999619670
0.1033979257
0.1070989438
0.1110627745
0.1152870112
0.1197690895
0.1245062883
0.1294957317
0.1347343906
0.1402190847
0.1459464842
0.1519131120
0.1581153458
0.1645494203
0.1712114294
0.1780973285
0.1852029373
0.1925239420
0.2000558981
0.2077942328
0.2157342484
0.2238711245
0.2321999211
0.2407155819
0.2494129371
0.2582867066
0.2673315031
0.2765418356
0.2859121124
0.2954366451
0.3051096511
0.3149252582
0.3248775073
0.3349603563
0.3451676842
0.3554932939
0.3659309170
0.3764742167
0.3871167922
0.3978521826
0.4086738703
0.4195752856
0.4305498103
0.4415907817
0.4526914970
0.4638452170
0.4750451702
0.4862845572
0.4975565546
0.5088543194
0.5201709925
0.5314997037
0.5428335755
0.5541657269
0.5654892785
0.5767973555
0.5880830931
0.5993396396
0.6105601612
0.6217378461
0.6328659082
0.6439375918
0.6549461753
0.6658849754
0.6767473513
0.6875267084
0.6982165026
0.7088102442
0.7193015017
0.7296839060
0.7399511540
0.7500970124
0.7601153218
0.7700000000
0.7797450461
0.7893445440
0.7987926657
0.8080836755
0.8172119327
0.8261718957
0.8349581248
0.8435652860
0.8519881540
0.8602216151
0.8682606710
0.8761004412
0.8837361660
0.8911632101
0.8983770643
0.9053733492
0.9121478174
0.9186963562
0.9250149898
0.9310998824
0.9369473398
0.9425538121
0.9479158955
0.9530303348
0.9578940250
0.9625040134
0.9668575013
0.9709518457
0.9747845610
0.9783533202
0.9816559569
0.9846904660
0.9874550052
0.9899478963
0.9921676259
0.9941128462
0.9957823764
0.9971752030
0.9982904803
0.9991275312
0.9996858477
0.9999650907
0.9999650907
0.9996858477
0.9991275312
0.9982904803
0.9971752030
0.9957823764
0.9941128462
0.9921676259
0.9899478963
0.9874550052
0.9846904660
0.9816559569
0.9783533202
0.9747845610
0.9709518457
0.9668575013
0.9625040134
0.9578940250
0.9530303348
0.9479158955
0.9425538121
0.9369473398
0.9310998824
0.9250149898
0.9186963562
0.9121478174
0.9053733492
0.8983770643
0.8911632101
0.8837361660
0.8761004412
0.8682606710
0.8602216151
0.8519881540
0.8435652860
0.8349581248
0.8261718957
0.8172119327
0.8080836755
0.7987926657
0.7893445440
0.7797450461
0.7700000000
0.7601153218
0.7500970124
0.7399511540
0.7296839060
0.7193015017
0.7088102442
0.6982165026
0.6875267084
0.6767473513
0.6658849754
0.6549461753
0.6439375918
0.6328659082
0.6217378461
0.6105601612
0.5993396396
0.5880830931
0.5767973555
0.5654892785
0.5541657269
0.5428335755
0.5314997037
0.5201709925
0.5088543194
0.4975565546
0.4862845572
0.4750451702
0.4638452170
0.4526914970
0.4415907817
0.4305498103
0.4195752856
0.4086738703
0.3978521826
0.3871167922
0.3764742167
0.3659309170
0.3554932939
0.3451676842
0.3349603563
0.3248775073
0.3149252582
0.3051096511
0.2954366451
0.2859121124
0.2765418356
0.2673315031
0.2582867066
0.2494129371
0.2407155819
0.2321999211
0.2238711245
0.2157342484
0.2077942328
0.2000558981
0.1925239420
0.1852029373
0.1780973285
0.1712114294
0.1645494203
0.1581153458
0.1519131120
0.1459464842
0.1402190847
0.1347343906
0.1294957317
0.1245062883
0.1197690895
0.1152870112
0.1110627745
0.1070989438
0.1033979257
0.0999619670
0.0967931537
0.0938934094
0.0912644947
0.0889080056
0.0868253726
0.0850178601
0.0834865656
0.0822324185
0.0812561802
0.0805584436
0.0801396321
0.0800000000
