0.0000000000
0.0001517740
0.0006070039
0.0013654133
0.0024265418
0.0037897452
0.0054541958
0.0074188833
0.0096826148
0.0122440160
0.0151015320
0.0182534279
0.0216977902
0.0254325280
0.0294553737
0.0337638853
0.0383554469
0.0432272712
0.0483764003
0.0537997084
0.0594939029
0.0654555268
0.0716809611
0.0781664261
0.0849079846
0.0919015438
0.0991428580
0.1066275310
0.1143510188
0.1223086326
0.1304955414
0.1389067748
0.1475372265
0.1563816570
0.1654346968
0.1746908499
0.1841444969
0.1937898985
0.2036211990
0.2136324300
0.2238175135
0.2341702664
0.2446844034
0.2553535415
0.2661712036
0.2771308221
0.2882257437
0.2994492325
0.3107944750
0.3222545833
0.3338226003
0.3454915028
0.3572542069
0.3691035713
0.3810324025
0.3930334584
0.4050994533
0.4172230619
0.4293969241
0.4416136491
0.4538658203
0.4661459993
0.4784467310
0.4907605475
0.5030799733
0.5153975293
0.5277057375
0.5399971256
0.5522642316
0.5644996083
0.5766958274
0.5888454849
0.6009412046
0.6129756433
0.6249414949
0.6368314950
0.6486384253
0.6603551178
0.6719744593
0.6834893958
0.6948929366
0.7061781587
0.7173382109
0.7283663179
0.7392557846
0.7500000000
0.7605924414
0.7710266782
0.7812963758
0.7913952995
0.8013173182
0.8110564084
0.8206066574
0.8299622674
0.8391175587
0.8480669730
0.8568050772
0.8653265665
0.8736262674
0.8816991414
0.8895402873
0.8971449448
0.9045084972
0.9116264741
0.9184945542
0.9251085679
0.9314644998
0.9375584914
0.9433868430
0.9489460161
0.9542326359
0.9592434929
0.9639755449
0.9684259193
0.9725919141
0.9764710002
0.9800608227
0.9833592021
0.9863641361
0.9890738004
0.9914865498
0.9936009198
0.9954156265
0.9969295684
0.9981418264
0.9990516644
0.9996585301
0.9999620551
0.9999620551
0.9996585301
0.9990516644
0.9981418264
0.9969295684
0.9954156265
0.9936009198
0.9914865498
0.9890738004
0.9863641361
0.9833592021
0.9800608227
0.9764710002
0.9725919141
0.9684259193
0.9639755449
0.9592434929
0.9542326359
0.9489460161
0.9433868430
0.9375584914
0.9314644998
0.9251085679
0.9184945542
0.9116264741
0.9045084972
0.8971449448
0.8895402873
0.8816991414
0.8736262674
0.8653265665
0.8568050772
0.8480669730
0.8391175587
0.8299622674
0.8206066574
0.8110564084
0.8013173182
0.7913952995
0.7812963758
0.7710266782
0.7605924414
0.7500000000
0.7392557846
0.7283663179
0.7173382109
0.7061781587
0.6948929366
0.6834893958
0.6719744593
0.6603551178
0.6486384253
0.6368314950
0.6249414949
0.6129756433
0.6009412046
0.5888454849
0.5766958274
0.5644996083
0.5522642316
0.5399971256
0.5277057375
0.5153975293
0.5030799733
0.4907605475
0.4784467310
0.4661459993
0.4538658203
0.4416136491
0.4293969241
0.4172230619
0.4050994533
0.3930334584
0.3810324025
0.3691035713
0.3572542069
0.3454915028
0.3338226003
0.3222545833
0.3107944750
0.2994492325
0.2882257437
0.2771308221
0.2661712036
0.2553535415
0.2446844034
0.2341702664
0.2238175135
0.2136324300
0.2036211990
0.1937898985
0.1841444969
0.1746908499
0.1654346968
0.1563816570
0.1475372265
0.1389067748
0.1304955414
0.1223086326
0.1143510188
0.1066275310
0.0991428580
0.0919015438
0.0849079846
0.0781664261
0.0716809611
0.0654555268
0.0594939029
0.0537997084
0.0483764003
0.0432272712
0.0383554469
0.0337638853
0.0294553737
0.0254325280
0.0216977902
0.0182534279
0.0151015320
0.0122440160
0.0096826148
0.0074188833
0.0054541958
0.0037897452
0.0024265418
0.0013654133
0.0006070039
0.0001517740
0.0000000000
